topology: [ Ring ]
npus_count: [ 5 ]
bandwidth: [ 0.182822 ]
latency: [ 20599568.550005 ]
