topology: [ Ring ]
npus_count: [ 4 ]
bandwidth: [ 0.125000 ]
latency: [ 80000000.000000 ]
